1 1 1 Иванов 100 50 30
2 1 2 Петров 150 70 40
3 1 3 Сидоров 120 60 20
4 1 4 Алексеев 130 80 25
5 2 1 Николаев 200 90 35
6 2 2 Васильев 180 55 28
7 3 1 Григорьев 170 75 22
8 3 2 Дмитриев 190 65 38
9 4 1 Андреев 160 85 29
10 4 2 Сергеев 140 77 31
11 4 3 Кузнецов 110 68 26
12 5 1 Орлов 130 62 23
13 5 2 Романов 145 73 27
14 6 1 Савельев 155 78 32
15 6 2 Тимофеев 165 82 34
16 7 1 Федоров 175 86 36
17 7 2 Яковлев 145 74 33
18 7 3 Михайлов 125 63 21
19 8 1 Денисов 135 66 24
20 8 2 Филатов 155 79 37
21 8 3 Щербаков 145 71 30
22 8 4 Гаврилов 115 57 19
23 9 1 Егоров 105 53 18
24 9 2 Семенов 125 61 22